       30149          24 
       30152          20 
       32358          24 
       32359          28 
       32360          48 
       32365           8 
       32366          12 
       32367           8 
       32368          20 
       32370          24 
       32371          20 
       32372          24 
       32373          16 
       33611          40 
       35841          22 
       38943          24 
       38944          18 
       38945          22 
       38947          22 
       39068          12 
       39069          28 
       39071          40 
       39072          56 
       39073          12 
       39076          28 
       39077          96 
       39078          24 
       39079          56 
       39080          44 
       39082          28 
       39083          72 
       39084          60 
       39085          56 
       39086          64 
       39087          20 
       39088          12 
       39089          12 
       39090          36 
       39091          12 
       39092          72 
       39094          36 
       39096          32 
       39098          12 
       39099          44 
       39102          56 
       39103          28 
       39107          28 
       39110          40 
       39111          56 
       39112          36 
       39114          16 
       39115          20 
       39116          16 
       39117          56 
       39119          18 
       39120           6 
       39121           4 
       39122           2 
       39124           6 
       39126          32 
       39127          40 
       39128          20 
       39129          24 
       39131          20 
       39132          28 
       39598           2 
       39603          10 
       39604          28 
       39606         507 
       39977          48 
       39978          56 
       39980           8 
       39982          24 
       39984          28 
       39986          64 
       39987          12 
       39988          28 
       39989          28 
       40019          12 
       40178          40 
       40855          12 
       41657      152490 
       41877          28 
       41881          28 
       41882          20 
       41884          24 
       41897          20 
       41898          12 
       41901          24 
       42356           2 
       42379          24 
       42380          64 
       42381          48 
       42383          12 
       42384          20 
       42387         120 
       42674           2 
       42777          56 
       42795          14 
       44866           4 
       44867          28 
       44872      778206 
       44900           8 
       45975     1706679 
       45976           6 
       45977          18 
       45978           2 
       46153          16 
       46154          28 
       46155          12 
       46157          40 
       46158          32 
       46159          40 
       46160          36 
       46161          12 
       46162          28 
       46164          76 
       46165           8 
       46170          36 
       46208           2 
       52573      484653 
       52593         270 
       53176          20 
       53178          12 
       53179           8 
       53180          40 
       53181          44 
       53182          48 
       53278          72 
       53305           2 
       53308          28 
       53310           4 
       53916          14 
       53918           8 
       53920           2 
       53921           6 
       53922           4 
       53923           2 
       53925          18 
       53926           2 
       53930      249561 
       53931      249561 
       53937           2 
       53939           2 
       53942        4914 
       54498         780 
       54499          12 
       54500          20 
       54503          24 
       54505          36 
       54506          24 
       54507          24 
       54508          24