30032		 77
30034		 811
30038		 1
30044		 89
30046		 871
30149		 1582
30152		 1517
30209		 69
30210		 329
30351		 11
30352		 10
30353		 10
30354		 11
30355		 10
30357		 10
30359		 10
30360		 10
30361		 10
30362		 10
30363		 10
30364		 10
30365		 10
30366		 10
30367		 11
30368		 10
30369		 10
30371		 10
30373		 10
30374		 10
30375		 10
30378		 10
30379		 10
30380		 10
30383		 10
30384		 10
30385		 10
30387		 10
30388		 10
30390		 10
30393		 10
30394		 10
30395		 10
30396		 11
30398		 10
30401		 10
30402		 10
30403		 10
30404		 10
30405		 10
30408		 10
30409		 10
30410		 10
30411		 10
30413		 10
30414		 10
30419		 10
30537		 10
30538		 10
30540		 10
30541		 10
30573		 10
30574		 10
30575		 10
30576		 10
30578		 10
30579		 10
30580		 10
30581		 10
30584		 10
30749		 12
30752		 10
30753		 10
30754		 10
30755		 10
30756		 10
30757		 10
30758		 10
30759		 10
30760		 10
30761		 10
30762		 10
30763		 10
30767		 10
30768		 12
30769		 10
30770		 10
30771		 12
30772		 10
30773		 12
30774		 10
30775		 10
30776		 10
30783		 10
30784		 10
30785		 10
30786		 10
30787		 10
30788		 10
30789		 10
30790		 10
30792		 10
30793		 10
30794		 10
30795		 10
30796		 10
30797		 10
30799		 10
30800		 10
30801		 10
30802		 10
30803		 10
30805		 10
30806		 10
30807		 10
30808		 10
30809		 10
30810		 10
30811		 10
30812		 10
30813		 10
30814		 10
30820		 10
30920		 10
30921		 10
30922		 10
30923		 10
30924		 10
30925		 10
30926		 10
30927		 10
30928		 10
30929		 10
30930		 10
30931		 10
30932		 14
30933		 10
30934		 10
30935		 10
30936		 10
30937		 10
30941		 10
30942		 10
30943		 10
30944		 10
30945		 10
30946		 10
30947		 10
30948		 10
30949		 10
30950		 10
30951		 10
30952		 10
30953		 10
30954		 10
30955		 10
30956		 10
30957		 10
30958		 10
30959		 10
30960		 10
30961		 10
30963		 12
30964		 12
30965		 12
30966		 12
30967		 12
30968		 10
30971		 10
30980		 10
30981		 10
30982		 10
31218		 10
31219		 8
31220		 10
31221		 10
31222		 10
31223		 10
31224		 10
31225		 10
31227		 10
31229		 10
31230		 10
31231		 10
31233		 10
31234		 10
31236		 10
31237		 10
31238		 10
31241		 10
31242		 10
31243		 10
31244		 10
31245		 10
31249		 10
31252		 10
31253		 10
31254		 10
31255		 10
31256		 10
31257		 10
31260		 10
31261		 10
31262		 18
31430		 10
31431		 10
31432		 10
31433		 10
31434		 10
31435		 10
31436		 10
31437		 10
31438		 10
31439		 10
31440		 10
31441		 10
31442		 10
31443		 10
31445		 10
31446		 10
31447		 10
31448		 10
31449		 10
31450		 11
31451		 11
31452		 10
31453		 11
31454		 10
31456		 10
31546		 89
31547		 578
31548		 131
31549		 603
31651		 10
31652		 10
31653		 10
31654		 10
31655		 10
31656		 10
31657		 10
31658		 10
31659		 10
31660		 10
31661		 10
31662		 10
31663		 10
31664		 10
31665		 10
31666		 10
31667		 10
31668		 10
31669		 10
31670		 10
31671		 10
31672		 10
31673		 10
31674		 10
31675		 10
31676		 10
31677		 10
31678		 10
31679		 10
31680		 10
31681		 10
31682		 10
31683		 10
31684		 10
31685		 10
31686		 10
31687		 10
31688		 10
31689		 10
31708		 974
31712		 10
31717		 10
31848		 16
31857		 10
31862		 12
31866		 16
31867		 16
31869		 16
31870		 16
31871		 12
31872		 16
31873		 12
31874		 16
31875		 16
31876		 16
31877		 16
31878		 16
31881		 16
31883		 16
31884		 16
31885		 16
31886		 16
31887		 16
31888		 16
31891		 12
31893		 16
31895		 16
31896		 16
31897		 16
31898		 16
31900		 12
31906		 12
31907		 12
31911		 16
31912		 16
31913		 12
32116		 16
32117		 16
32119		 16
32122		 12
32126		 16
32131		 10
32159		 16
32160		 16
32161		 16
32162		 20
32165		 16
32166		 16
32167		 16
32168		 16
32175		 16
32311		 10
32312		 10
32313		 10
32314		 8
32315		 10
32316		 10
32317		 10
32318		 10
32319		 10
32320		 10
32321		 10
32322		 10
32323		 10
32324		 10
32325		 10
32326		 10
32327		 1
32328		 8
32329		 10
32330		 10
32331		 10
32332		 10
32333		 10
32334		 10
32335		 10
32336		 10
32337		 10
32338		 10
32339		 10
32340		 10
32341		 10
32342		 10
32354		 10
32355		 1
32356		 10
32358		 2562
32359		 1755
32360		 1191
32361		 537
32362		 1691
32363		 793
32364		 793
32365		 715
32366		 586
32367		 713
32370		 1880
32371		 2030
32372		 1035
32373		 2521
32377		 16
32468		 16
32469		 16
32489		 16
32495		 16
32500		 16
32501		 16
32502		 16
32508		 16
32689		 16
32690		 16
32692		 16
32693		 12
32695		 16
32697		 12
32699		 16
32700		 12
32703		 16
32704		 16
32714		 16
32716		 16
32717		 16
32719		 12
32720		 16
32721		 16
32724		 12
32727		 16
32729		 16
32730		 16
32732		 16
32737		 12
32740		 16
32741		 16
32745		 16
32748		 12
32756		 16
32807		 16
32810		 10
32811		 10
32813		 6
32816		 16
32817		 16
32823		 12
32825		 16
32861		 16
32862		 12
32867		 16
32869		 16
32870		 16
32873		 12
32888		 16
32890		 12
32891		 12
32913		 10
33065		 16
33067		 12
33068		 16
33071		 16
33072		 12
33074		 16
33076		 16
33079		 16
33110		 16
33111		 16
33456		 10
33457		 10
33459		 12
33460		 16
33462		 12
33463		 12
33466		 16
33469		 16
33470		 16
33471		 12
33472		 16
33473		 10
33474		 16
33478		 12
33483		 16
33485		 16
33489		 16
33492		 16
33493		 16
33494		 16
33497		 16
33502		 16
33503		 16
33505		 16
33508		 16
33510		 16
33512		 12
33513		 16
33514		 16
33515		 16
33518		 16
33524		 16
33528		 16
33534		 12
33535		 12
33536		 16
33537		 16
33538		 12
33541		 12
33548		 12
33549		 16
33550		 16
33551		 12
33552		 16
33555		 16
33558		 16
33567		 16
33572		 16
33577		 16
33578		 16
33583		 12
33591		 16
33592		 16
33593		 16
33594		 12
33597		 16
33599		 16
33603		 16
33605		 16
33606		 16
33607		 16
33611		 2951
33632		 16
33634		 16
33637		 16
33638		 16
33641		 16
33646		 10
33647		 12
33648		 12
33660		 12
33670		 16
33676		 12
33680		 12
34141		 8
34145		 16
34150		 16
34151		 16
34152		 10
34153		 16
34156		 16
34158		 12
34160		 16
34161		 16
34162		 16
34163		 16
34164		 12
34165		 12
34166		 16
34171		 16
34172		 16
34182		 16
34183		 12
34184		 16
34192		 16
34193		 10
34194		 16
34197		 16
34198		 16
34216		 16
34225		 12
34228		 16
34229		 16
34231		 16
34232		 12
34233		 16
34235		 16
34236		 16
34237		 12
34238		 16
34242		 16
34244		 16
34245		 16
34246		 12
34248		 16
34252		 16
34253		 16
34254		 16
34256		 16
34257		 16
34258		 16
34259		 16
34261		 16
34263		 16
34264		 16
34265		 16
34266		 12
34267		 16
34268		 16
34269		 16
34270		 12
34272		 16
34275		 16
34276		 16
34278		 16
34279		 16
34280		 16
34282		 16
34284		 12
34285		 16
34289		 16
34290		 16
34291		 16
34293		 12
34294		 12
34296		 16
34297		 16
34298		 16
34302		 12
34307		 16
34308		 16
34309		 16
34311		 12
34312		 12
34314		 16
34315		 16
34318		 12
34319		 16
34320		 16
34321		 12
34322		 12
34323		 16
34324		 16
34325		 12
34326		 12
34327		 16
34328		 16
34329		 16
34330		 12
34331		 12
34332		 12
34333		 16
34334		 16
34336		 16
34337		 16
34343		 12
34344		 16
34358		 16
34359		 16
34363		 10
34367		 16
34368		 16
34369		 16
34370		 16
34371		 12
34372		 12
34374		 16
34376		 16
34382		 16
34446		 16
34447		 16
34448		 16
34451		 16
34459		 16
34461		 16
34462		 16
34463		 16
34468		 16
34472		 16
34642		 16
34777		 16
34778		 16
34780		 12
34781		 16
34782		 16
34783		 16
34786		 12
34787		 16
34788		 16
34789		 16
34790		 16
34791		 16
34792		 12
34794		 12
34795		 12
34796		 16
34797		 16
34799		 12
34801		 12
34802		 12
34805		 16
34808		 16
34809		 16
34810		 16
34811		 16
34812		 12
34813		 12
34814		 12
34815		 12
34817		 12
34819		 16
34820		 16
34821		 16
34825		 12
34828		 10
34831		 12
34840		 16
34842		 16
34843		 16
34845		 12
34846		 16
34847		 16
34848		 16
34850		 16
34852		 16
34853		 16
34854		 16
34855		 16
34865		 16
34866		 16
34867		 16
34868		 16
34869		 16
35081		 12
35082		 16
35086		 16
35087		 16
35089		 16
35092		 16
35093		 16
35094		 16
35095		 16
35096		 16
35097		 12
35098		 16
35101		 12
35106		 16
35108		 16
35109		 16
35114		 16
35115		 16
35119		 16
35120		 16
35121		 12
35122		 12
35123		 16
35124		 16
35125		 12
35126		 16
35127		 16
35130		 16
35131		 16
35132		 16
35134		 16
35135		 16
35136		 12
35137		 16
35138		 12
35146		 16
35147		 12
35149		 12
35150		 16
35152		 16
35153		 16
35154		 16
35155		 16
35156		 16
35158		 16
35159		 16
35160		 16
35161		 16
35162		 16
35163		 16
35165		 16
35166		 10
35167		 16
35168		 16
35169		 16
35170		 16
35172		 16
35173		 16
35174		 16
35175		 16
35176		 16
35179		 12
35181		 16
35183		 12
35184		 16
35189		 10
35190		 10
35363		 16
35364		 16
35365		 16
35366		 12
35368		 12
35369		 12
35375		 16
35378		 12
35379		 16
35383		 12
35384		 12
35385		 12
35386		 12
35387		 12
35388		 16
35389		 16
35395		 16
35397		 16
35400		 16
35403		 16
35404		 12
35405		 16
35406		 12
35407		 16
35408		 16
35410		 16
35412		 16
35419		 16
35420		 16
35421		 16
35424		 16
35425		 12
35426		 16
35427		 16
35430		 16
35431		 16
35433		 1
35435		 16
35438		 16
35439		 16
35440		 16
35442		 16
35443		 16
35446		 16
35447		 16
35448		 16
35802		 16
35803		 16
35804		 16
35805		 16
35806		 16
35809		 16
35815		 16
35830		 16
35864		 10
35865		 10
35866		 10
35867		 10
35868		 10
35869		 10
35871		 10
35872		 10
35873		 10
36221		 16
36223		 16
36227		 16
36236		 16
36237		 16
36240		 16
36247		 10
36255		 16
36257		 16
36258		 16
36259		 16
36261		 12
36262		 16
36263		 16
36266		 16
36267		 16
36268		 16
36275		 12
36279		 16
36280		 16
36281		 16
36288		 12
36290		 16
36294		 16
36302		 16
36303		 16
36304		 16
36305		 16
36309		 16
36310		 16
36312		 12
36315		 16
36320		 16
36322		 16
36342		 14
36346		 16
36349		 16
36350		 16
36351		 16
36355		 18
36357		 16
36358		 16
36359		 16
36362		 16
36364		 16
36372		 16
36373		 16
36374		 16
36375		 16
36383		 16
36388		 16
36389		 12
36390		 16
36391		 16
36392		 16
36469		 10
36512		 16
36513		 16
36514		 16
37168		 16
37169		 16
37171		 16
37175		 16
37177		 16
37178		 16
37190		 18
37192		 16
37193		 16
37194		 16
37195		 16
37201		 16
37202		 16
37203		 12
37205		 16
37206		 16
37207		 16
37208		 16
37214		 16
37218		 16
37225		 16
37227		 16
37228		 16
37233		 16
37247		 18
37271		 10
37272		 10
37276		 18
37277		 18
37281		 16
37283		 16
37285		 16
37291		 14
37301		 16
37305		 12
37306		 16
37311		 12
37313		 12
37314		 12
37315		 16
37316		 16
37317		 16
37318		 16
37319		 16
37325		 16
37326		 16
37330		 16
37333		 16
37334		 16
37340		 16
37414		 16
37415		 10
37417		 16
37418		 16
37419		 12
37420		 12
37421		 16
37422		 16
37423		 16
37425		 16
37426		 16
37427		 16
37431		 16
37432		 16
37433		 12
37435		 16
37436		 16
37437		 16
37438		 16
37439		 16
37440		 16
37441		 16
37445		 16
37446		 16
37447		 16
37448		 16
37453		 10
37454		 10
37531		 16
37532		 16
37533		 16
37534		 12
37536		 12
37538		 16
37539		 16
37541		 16
37548		 16
37552		 16
37553		 16
37555		 16
37556		 16
37557		 16
37558		 16
37559		 16
37561		 16
37562		 16
37563		 16
37566		 16
37568		 16
37776		 1420
37800		 10
38045		 16
38046		 16
38048		 16
38049		 16
38052		 16
38055		 16
38056		 18
38058		 16
38059		 12
38061		 16
38062		 16
38063		 12
38064		 12
38067		 12
38070		 16
38071		 12
38073		 16
38074		 16
38075		 16
38076		 16
38077		 16
38079		 16
38080		 12
38082		 16
38088		 16
38089		 16
38092		 16
38093		 16
38100		 10
38102		 16
38131		 16
38134		 16
38139		 10
38140		 16
38142		 16
38143		 12
38144		 16
38145		 16
38146		 16
38147		 16
38149		 16
38150		 16
38153		 18
38154		 16
38155		 16
38157		 16
38172		 16
38174		 12
38176		 16
38315		 16
38319		 16
38320		 16
38321		 16
38328		 16
38331		 16
38342		 16
38343		 16
38344		 16
38349		 16
38365		 16
38368		 16
38369		 16
38370		 16
38371		 16
38372		 16
38373		 16
38518		 16
38527		 16
38531		 16
38537		 16
38541		 16
38582		 16
38583		 16
38776		 16
38777		 16
38778		 16
38783		 12
38784		 16
38785		 16
38786		 16
38823		 12
38825		 16
38828		 12
38835		 16
38836		 12
38920		 16
38924		 16
38939		 16
38940		 16
38941		 16
38943		 3278
38944		 3192
38945		 3220
38946		 3322
38968		 16
38970		 16
38986		 12
38987		 12
38988		 12
38989		 10
38990		 10
39068		 3412
39069		 1193
39071		 2556
39072		 1181
39073		 3383
39076		 1682
39077		 5949
39078		 1077
39079		 1835
39080		 5696
39082		 1127
39083		 6510
39084		 5197
39085		 1295
39086		 1831
39087		 941
39088		 405
39089		 329
39090		 3680
39091		 1064
39092		 6668
39094		 4952
39096		 1698
39097		 6648
39098		 531
39099		 7517
39102		 1098
39103		 1092
39107		 1328
39110		 2488
39111		 1040
39112		 3410
39114		 909
39115		 1065
39116		 914
39117		 1225
39118		 806
39119		 1133
39120		 225
39121		 241
39122		 301
39123		 347
39124		 563
39125		 838
39126		 1920
39127		 3282
39128		 1088
39129		 965
39131		 1026
39132		 1080
39223		 16
39224		 16
39225		 16
39226		 16
39227		 16
39229		 16
39232		 12
39233		 16
39234		 16
39239		 12
39242		 16
39243		 16
39248		 16
39255		 16
39256		 16
39261		 10
39263		 16
39341		 16
39342		 16
39343		 12
39345		 16
39346		 16
39347		 16
39348		 12
39353		 16
39354		 16
39360		 16
39388		 10
39435		 12
39436		 16
39438		 16
39440		 16
39445		 16
39446		 16
39453		 16
39455		 18
39457		 16
39503		 16
39505		 16
39513		 16
39515		 16
39516		 16
39582		 16
39583		 16
39588		 394
39589		 748
39591		 390
39593		 1202
39594		 190
39595		 1154
39596		 1036
39597		 1948
39598		 1158
39599		 1048
39600		 480
39601		 3916
39602		 200
39603		 480
39604		 1692
39605		 1794
39606		 212
39607		 612
39608		 392
39651		 16
39652		 16
39653		 16
39656		 12
39659		 16
39671		 21
39691		 10
39692		 14
39693		 10
39694		 10
39695		 10
39696		 13
39697		 10
39698		 12
39699		 10
39700		 10
39725		 16
39728		 16
39735		 16
39736		 10
39747		 16
39748		 12
39884		 16
39886		 16
39887		 16
39889		 12
39891		 16
39892		 16
39895		 16
39897		 16
39905		 16
39906		 16
39907		 18
39910		 16
39911		 18
39912		 16
39916		 16
39932		 12
39933		 12
39935		 12
39936		 12
39937		 12
39938		 16
39939		 12
39940		 16
39943		 12
39944		 16
39977		 1782
39978		 1176
39980		 1480
39981		 1924
39982		 1013
39984		 1195
39986		 1840
39987		 622
39988		 1175
39989		 1191
40001		 16
40002		 16
40017		 604
40018		 580
40019		 215
40063		 16
40065		 10
40067		 16
40068		 16
40069		 612
40070		 610
40073		 16
40079		 16
40080		 16
40081		 16
40082		 16
40097		 16
40099		 16
40122		 16
40124		 12
40127		 16
40130		 16
40149		 16
40150		 16
40151		 16
40177		 10
40178		 3096
40179		 259
40201		 12
40220		 16
40221		 12
40222		 16
40223		 16
40224		 16
40308		 16
40310		 16
40313		 16
40323		 16
40324		 16
40326		 16
40345		 16
40360		 16
40365		 16
40437		 16
40439		 16
40440		 16
40441		 16
40445		 16
40446		 16
40448		 12
40452		 16
40454		 16
40457		 16
40458		 16
40459		 16
40460		 16
40463		 16
40465		 16
40471		 16
40547		 16
40548		 16
40549		 16
40550		 16
40551		 16
40553		 16
40555		 16
40558		 16
40560		 16
40561		 16
40566		 12
40571		 16
40572		 16
40573		 16
40574		 16
40579		 16
40805		 16
40855		 1562
40919		 16
40920		 16
40921		 16
41059		 16
41062		 16
41072		 12
41093		 10
41095		 12
41096		 16
41098		 12
41099		 12
41100		 16
41101		 16
41102		 16
41106		 16
41108		 16
41109		 16
41110		 16
41115		 10
41116		 10
41225		 16
41228		 12
41229		 12
41230		 12
41231		 16
41236		 16
41237		 12
41238		 12
41242		 12
41243		 12
41245		 16
41249		 16
41253		 12
41256		 20
41294		 12
41295		 10
41296		 10
41297		 10
41298		 10
41299		 10
41300		 10
41301		 10
41302		 10
41303		 10
41304		 10
41305		 10
41306		 10
41307		 10
41472		 12
41473		 12
41474		 16
41475		 12
41477		 12
41478		 12
41480		 16
41481		 12
41482		 12
41484		 12
41485		 16
41493		 16
41499		 16
41502		 12
41505		 16
41517		 16
41527		 10
41529		 16
41532		 16
41551		 16
41552		 80
41607		 10
41608		 10
41609		 10
41610		 10
41611		 10
41612		 10
41613		 10
41614		 10
41615		 10
41616		 10
41617		 14
41618		 10
41620		 10
41621		 10
41622		 10
41623		 10
41624		 10
41625		 10
41626		 10
41627		 10
41628		 10
41629		 10
41630		 10
41631		 10
41632		 10
41633		 10
41657		 132
41658		 16
41659		 12
41661		 16
41666		 16
41708		 12
41709		 12
41710		 12
41715		 12
41722		 12
41723		 12
41724		 16
41769		 10
41770		 10
41771		 10
41772		 10
41774		 10
41775		 10
41776		 10
41777		 10
41778		 10
41779		 10
41780		 10
41781		 10
41782		 10
41783		 10
41784		 10
41785		 10
41786		 10
41787		 10
41788		 10
41789		 10
41876		 64
41877		 1145
41881		 1203
41882		 922
41883		 12
41884		 1185
41889		 16
41891		 16
41895		 16
41898		 1077
41899		 39
41900		 39
41901		 1095
41908		 16
41917		 16
42356		 890
42379		 1031
42380		 5501
42381		 2702
42383		 435
42384		 942
42441		 16
42443		 16
42444		 16
42445		 16
42449		 12
42450		 12
42451		 12
42453		 12
42454		 16
42461		 12
42580		 16
42581		 10
42585		 16
42588		 856
42589		 16
42590		 16
42591		 854
42592		 16
42593		 644
42594		 16
42596		 12
42597		 12
42600		 16
42602		 16
42604		 16
42605		 16
42606		 16
42608		 12
42612		 16
42613		 16
42614		 16
42615		 16
42617		 16
42626		 16
42629		 16
42630		 16
42668		 16
42670		 16
42671		 608
42672		 1702
42674		 1626
42676		 1712
42677		 1510
42678		 1000
42679		 948
42680		 1052
42685		 16
42774		 1910
42775		 1642
42777		 1284
42791		 104
42795		 1182
44832		 10
44866		 506
44867		 1180
44869		 1750
44870		 1802
44871		 22
44872		 1968
44876		 10
44899		 455
44900		 1168
44901		 1800
44903		 1802
44904		 171
44906		 486
44909		 1410
45741		 16
45743		 18
45744		 16
45747		 16
45750		 16
45751		 16
45752		 16
45753		 16
45756		 16
45769		 18
45773		 16
45774		 16
45776		 18
45778		 18
45782		 16
45783		 16
45784		 16
45786		 16
45787		 16
45790		 10
45919		 16
45920		 22
45921		 16
45922		 16
45923		 1652
45924		 1696
45927		 16
45928		 16
45929		 16
45930		 16
45933		 10
45944		 18
45948		 16
45949		 16
45950		 16
45951		 16
45952		 16
45953		 16
45957		 16
45959		 16
45960		 16
45961		 16
45962		 16
45964		 16
45965		 16
45968		 16
45969		 16
45972		 16
45973		 16
45975		 4164
45976		 1026
45977		 1708
45978		 1190
45979		 16
46046		 907
46062		 14
46063		 14
46065		 10
46066		 14
46067		 14
46094		 10
46153		 3397
46154		 1591
46155		 454
46157		 2132
46158		 1521
46159		 2317
46160		 3544
46161		 482
46162		 1175
46164		 7294
46165		 236
46170		 3682
46195		 10
46196		 10
46197		 10
46198		 10
46199		 10
46200		 10
46201		 10
46202		 10
46203		 10
46204		 12
46205		 14
46208		 508
52534		 10
52538		 10
52573		 1276
52584		 10
52591		 1146
52593		 1195
52596		 1132
52597		 1712
52598		 828
52599		 798
52600		 1276
52601		 586
52602		 22
52653		 12
52654		 10
52655		 10
52657		 12
52658		 10
52659		 12
52660		 10
52661		 10
52662		 10
52663		 10
52664		 10
52665		 14
52666		 10
52667		 10
52669		 10
52670		 12
52671		 10
52672		 12
52673		 12
52674		 10
52675		 10
52676		 10
52677		 10
52682		 10
53176		 2150
53178		 663
53179		 160
53180		 2231
53181		 5807
53182		 4074
53278		 6505
53279		 40
53280		 218
53281		 174
53282		 276
53283		 288
53284		 186
53285		 316
53304		 714
53305		 506
53306		 274
53914		 3646
53916		 1128
53918		 1126
53919		 1020
53921		 696
53922		 578
53923		 344
53925		 1390
53926		 776
53927		 1346
53928		 1022
53929		 374
53930		 774
53931		 774
53932		 1386
53933		 2878
53934		 2456
53935		 444
53936		 424
53937		 382
53938		 1380
53939		 778
53942		 1594
53943		 170
53948		 2814
53949		 426
53961		 1378
53968		 344
53971		 10
53972		 10
54411		 10
54498		 2691
54499		 622
54500		 2140
54501		 1152
54502		 20
54503		 614
54504		 316
54505		 2193
54506		 624
54507		 622
54508		 622
54509		 1252
54510		 1710
54511		 4124
54512		 6337
54513		 690
54514		 788
54515		 3662
54517		 188
54518		 170
54519		 650
54520		 1134
54536		 134
54537		 222
54538		 40
54539		 352
54540		 3334
54565		 1200
54566		 162
54567		 828
54568		 660
54574		 1096
54594		 1610
54600		 12
54602		 10
55047		 10
55078		 2323
55079		 579
55080		 1010
55081		 148
55082		 162
55083		 3988
55103		 1430
55115		 62
55116		 940
55118		 10
55131		 2472
55132		 1023
55134		 1450
55163		 537
55164		 1175
55167		 490
55187		 154
55188		 154
55189		 148
55190		 102
55191		 32
55192		 190
55193		 30
55194		 22
55195		 30
55210		 16
55211		 16
55212		 16
55213		 14
55214		 16
55215		 16
55960		 12
55961		 10
55962		 12
55963		 10
55964		 10
55965		 10
55966		 12
55967		 10
55978		 1103
55979		 1136
55980		 1125
55982		 62
55983		 59
55984		 10
55985		 973
55996		 3864
55997		 1639
55998		 2288
55999		 244
56000		 3278
56002		 2151
56004		 1120
56006		 738
56008		 970
56012		 670
56024		 438
56026		 476
56031		 476
56032		 432
56034		 1096
56036		 2758
56084		 10
56087		 16
56089		 16
56091		 16
56093		 16
56095		 16
56097		 16
56101		 16
56103		 16
56105		 10
56111		 10
56112		 12
56114		 12
56116		 12
56118		 12
56120		 12
56123		 10
56124		 10
56128		 10
56130		 10
56141		 123
56142		 108
56143		 208
56163		 3734
56164		 3268
56165		 1630
56166		 1200
56167		 248
56168		 1704
56169		 1446
56170		 246
56171		 2650
56172		 700
56173		 1104
56174		 302
56175		 703
56176		 654
56177		 754
56178		 922
56179		 6128
56180		 3790
56181		 5954
56186		 1100
56190		 409
56192		 3866
56219		 16
56220		 16
56222		 16
56223		 16
56225		 16
56226		 16
56227		 16
56230		 16
56231		 16
56232		 10
56233		 16
56237		 16
56238		 16
56239		 16
56240		 16
56241		 16
56245		 600
56307		 10
56308		 10
56309		 10
56310		 10
56311		 10
56312		 10
56313		 10
56314		 10
56315		 10
56316		 10
56317		 10
56318		 10
56319		 10
56320		 10
56321		 10
56322		 10
56323		 10
56324		 10
56325		 10
56326		 10
56327		 10
56328		 10
56329		 10
56330		 10
56342		 1523
56344		 162
56584		 208
56585		 130
56586		 196
56587		 50
56588		 118
56589		 118
56590		 746
56591		 62
56592		 48
56593		 30
56594		 94
56595		 38
56597		 38
56599		 38
56601		 26
56603		 43
56605		 38
56607		 29
56609		 33
56635		 206
56636		 20
56637		 20
56638		 20
56639		 20
56640		 20
56641		 20
56642		 20
56643		 20
56644		 20
56645		 20
56646		 20
56647		 20
56648		 20
56649		 20
56650		 13
56651		 13
56652		 13
56653		 13
56654		 13
56655		 13
56656		 13
56657		 13
56658		 13
56659		 20
56660		 20
56661		 20
56662		 20
56663		 20
56664		 20
56665		 20
56666		 13
56667		 13
56668		 1569
56669		 80
56670		 80
56671		 20
56672		 20
56673		 286
56674		 276
56675		 1616
56676		 82
56677		 15
56678		 15
56679		 13
56680		 20
56681		 20
56682		 21
56683		 20
56684		 20
56685		 13
56686		 13
56687		 15
56688		 20
56689		 20
56691		 20
56692		 5515
56695		 15
56696		 15
56697		 16
56698		 24
56700		 20
56702		 32
56704		 38
56706		 20
56707		 20
56708		 20
56709		 20
56710		 20
56711		 13
56712		 20
56713		 15
56714		 15
56715		 15
56716		 20
56717		 20
56718		 16
56719		 16
56720		 16
56721		 16
56722		 16
56723		 16
56724		 36
56730		 56
56731		 30
56733		 611
56734		 23
56736		 39
56738		 38
56740		 44
56742		 29
56744		 29
56748		 20
56749		 20
56750		 20
56751		 20
56752		 20
56753		 20
56754		 20
56755		 20
56756		 20
56757		 15
56758		 20
56759		 20
56760		 20
56761		 15
56762		 15
56763		 20
56764		 20
56765		 15
56766		 344
56767		 20
56768		 20
56769		 20
56770		 20
56771		 20
56772		 20
56773		 20
56774		 20
56775		 20
56776		 20
56777		 20
56778		 20
56779		 21
56780		 20
56781		 20
56783		 29
56785		 20
56786		 20
56787		 20
56788		 20
56791		 12
56792		 40
56794		 52
56795		 10
56797		 104
56798		 10
56800		 46
56801		 12
56802		 98
56804		 54
56805		 12
56807		 40
56808		 10
56810		 40
56811		 10
56812		 96
56814		 306
56815		 10
56817		 14
56819		 12
56821		 10
56823		 12
56825		 12
56827		 12
56829		 12
56831		 12
56833		 12
56835		 10
56837		 10
56838		 15
56839		 15
56840		 15
56841		 15
56842		 15
56843		 15
56844		 15
56845		 15
56847		 188
56850		 492
56859		 10
56860		 10
56866		 1586
56867		 12
56881		 1421
56882		 4665
56883		 5563
56884		 942
58241		 6030
58243		 80
58395		 12
58396		 10
59217		 1758
59218		 768
59219		 1620
59220		 422
59235		 10
59236		 10
59237		 1477
59238		 10
59239		 10
59240		 10
59241		 10
59242		 2266
59243		 1182
59244		 10
59245		 12
59322		 488
59323		 1196
59325		 378
59326		 2206
59328		 2911
59329		 2381
59330		 196
59331		 524
59332		 164
59333		 298
59334		 1108
59335		 94
59336		 130
59339		 360
59340		 547
59341		 601
59343		 16
59344		 16
59345		 92
59346		 54
59347		 50
59348		 16
59350		 16
59353		 140
59354		 140
59355		 16
59356		 16
59357		 2510
59358		 1095
59360		 951
59361		 10
59363		 984
59364		 10
59365		 10
59367		 16
59402		 10
59403		 10
59404		 12
59405		 12
59406		 12
59407		 10
59408		 12
59409		 12
59410		 14
59411		 10
59412		 12
59413		 10
59414		 10
59415		 10
59416		 10
59417		 10
59418		 10
59487		 12
59490		 16
59491		 16
59492		 16
59493		 16
59494		 16
59495		 16
59496		 16
59497		 16
59498		 16
59499		 16
59500		 16
59501		 16
59502		 10
59503		 16
59504		 16
59505		 16
59506		 16
59507		 16
59508		 16
59509		 16
59510		 16
59512		 227
59513		 770
59514		 3684
59515		 538
59516		 1306
59517		 78
59518		 10
59519		 1082
59520		 16
59522		 1715
59523		 12
59524		 12
59525		 12
59527		 1994
59551		 12
59554		 647
59573		 2024
59580		 1088
59585		 2556
59586		 1101
59590		 1266
59594		 5826
59596		 234
59598		 92
59599		 10
59659		 2851
59661		 957
59663		 10
59664		 10
59673		 12
59683		 303
59705		 202
59706		 94
59707		 52
59708		 46
59709		 50
59710		 692
59711		 978
59712		 1478
59713		 2118
59714		 2176
59715		 1494
59716		 1248
59719		 10
59720		 992
59722		 10
59723		 1450
59725		 10
59726		 974
59799		 496
59800		 344
59801		 277
59802		 1794
59803		 354
59804		 94
59805		 1866
59806		 50
59807		 43
59808		 44
59809		 40
59811		 56
59812		 2010
59813		 18
59814		 640
59816		 356
59817		 5088
59818		 456
59819		 2398
59820		 3498
59821		 395
59822		 1980
59823		 440
59825		 536
59826		 36
59827		 378
59828		 510
59829		 5006
59830		 160
59835		 358
59836		 982
59837		 22
59838		 316
59839		 42
59840		 1088
59841		 94
59843		 974
59844		 968
59845		 10
59854		 106
59855		 10
59857		 16
59874		 12
59875		 10
59876		 10
59877		 12
59878		 58
59879		 12
59880		 12
59881		 12
59883		 988
59884		 12
59885		 1836
59893		 80
59895		 16
59897		 5204
59901		 442
59903		 414
59905		 154
59907		 226
59909		 108
59911		 1087
59913		 38
59914		 10
59916		 1370
59918		 1100
59920		 260
59922		 154
59924		 66
59926		 122
59928		 334
59930		 18
59934		 536
59936		 10
59937		 10
59939		 336
59944		 2316
59945		 7800
60039		 1002
60040		 507
60042		 16
60043		 16
60053		 432
60054		 555
60055		 199
60076		 883
60080		 2033
60081		 1462
60082		 1347
60108		 294
60138		 138
60139		 734
60140		 40
60141		 272
60142		 422
60143		 92
60144		 106
60145		 138
60146		 108
60147		 108
60148		 266
60149		 230
60150		 4072
60151		 60
60152		 112
60153		 1096
60154		 504
60160		 23
60162		 44
60164		 33
60166		 35
60168		 34
60170		 32
60172		 23
60174		 26
60176		 29
60178		 27
60180		 34
60182		 35
60184		 32
60188		 26
60190		 32
60192		 20
60193		 15
60194		 20
60195		 20
60196		 20
60197		 20
60198		 13
60199		 20
60200		 15
60201		 13
60202		 20
60204		 15
60205		 15
60206		 15
60207		 20
60208		 20
60209		 20
60210		 20
60211		 19
60212		 20
60213		 15
60214		 20
60215		 13
60216		 13
60217		 13
60218		 13
60219		 13
60220		 13
60221		 15
60222		 13
60223		 13
60224		 13
60225		 13
60226		 13
60227		 13
60228		 13
60229		 13
60230		 15
60231		 20
60232		 15
60233		 15
60234		 15
60235		 20
60236		 20
60237		 20
60238		 20
60239		 20
60240		 20
60241		 20
60242		 20
60243		 15
60244		 15
60245		 20
60246		 13
60247		 20
60248		 20
60249		 15
60250		 15
60251		 20
60252		 13
60253		 15
60254		 15
60255		 15
60256		 15
60257		 15
60258		 20
60259		 20
60260		 20
60261		 15
60262		 20
60263		 20
60264		 20
60265		 20
60266		 20
60267		 20
60268		 20
60270		 2
60271		 2
60276		 10
60277		 342
60278		 10
60279		 10
60308		 10
60312		 408
60314		 12
60315		 10
60317		 1326
60319		 16
60337		 6106
60339		 698
60342		 6100
60344		 832
60345		 450
60347		 94
60349		 372
60351		 1952
60353		 1894
60355		 104
60357		 64
60359		 12
60360		 10
60361		 10
60362		 10
60363		 10
60364		 10
60365		 10
60366		 10
60367		 12
60368		 12
60369		 42
60371		 20
60372		 2
60373		 20
60374		 20
60375		 2
60376		 2
60377		 2
60378		 20
60380		 2445
60382		 2789
60384		 10
60386		 490
60389		 34
60392		 464
60394		 10
60395		 684
60396		 10
60426		 2039
60427		 2742
60504		 1435
60506		 6798
60509		 177
60510		 10
60511		 10
60513		 40
60521		 12
60522		 16
60523		 12
60552		 16
60554		 726
60585		 10
60587		 16
60767		 16
60768		 16
60769		 16
60770		 332
60771		 16
60772		 12
60773		 16
60774		 10
60775		 10
60776		 16
60777		 12
60778		 16
60779		 10
60780		 16
60781		 16
60782		 10
60783		 16
60784		 16
60785		 16
60786		 16
60787		 16
60788		 10
60789		 16
60790		 12
60791		 16
60792		 16
60793		 12
60794		 16
60795		 16
60796		 16
60797		 16
60798		 16
60799		 10
60800		 16
60801		 16
60802		 16
60803		 16
60804		 16
60805		 16
60806		 16
60808		 16
60809		 16
60810		 16
60811		 16
60812		 16
60813		 16
60814		 16
60815		 16
60816		 16
60817		 16
60818		 16
60819		 16
60820		 16
60821		 16
60822		 844
60823		 16
60824		 16
60825		 16
60826		 126
60832		 26
60834		 29
60836		 44
60838		 26
60840		 38
60853		 20
60854		 20
60855		 20
60856		 15
60857		 326
60858		 20
60859		 20
60860		 20
60861		 20
60862		 20
60863		 20
60864		 15
60865		 15
60866		 20
60867		 20
60868		 20
60869		 20
60870		 15
60871		 20
60872		 15
60873		 20
60874		 20
60875		 15
60876		 15
60877		 20
60878		 20
60879		 20
60880		 566
60881		 192
60882		 1074
60932		 10
60933		 10
60934		 1
60935		 13
60936		 10
60937		 10
60938		 10
60939		 10
60940		 10
60941		 10
60942		 13
60943		 10
60944		 10
60945		 10
60946		 10
60947		 10
60948		 10
60949		 10
60950		 10
60951		 10
60952		 10
60953		 10
60954		 10
60956		 29
60958		 38
60960		 33
60962		 29
60964		 29
60966		 38
60968		 23
60970		 44
60972		 20
60984		 76
60985		 15
60986		 15
60987		 15
60988		 15
60989		 20
60990		 15
60991		 20
60992		 20
60993		 20
60994		 15
60995		 15
60996		 15
60997		 15
60998		 20
60999		 20
61000		 15
61001		 20
61002		 13
61003		 13
61004		 2
61005		 20
61006		 20
61007		 20
61008		 20
61009		 20
61010		 20
61011		 62
61012		 15
61013		 15
61014		 15
61015		 15
61016		 15
61017		 15
61018		 15
61019		 20
61020		 20
61021		 20
61022		 20
61023		 324
61024		 16
61025		 15
61026		 15
61027		 15
61028		 20
61029		 15
61030		 15
61031		 15
61032		 736
61034		 70
61035		 15
61036		 20
61038		 11
61040		 34
61042		 28
61046		 188
61049		 16
61050		 16
61051		 16
61052		 16
61053		 16
61054		 16
61055		 16
61056		 4968
61057		 630
61058		 10
61059		 32
61083		 10
61084		 16
61085		 16
61086		 16
61087		 16
61088		 15
61089		 20
61090		 15
61091		 20
61092		 15
61093		 16
61094		 16
61095		 16
61096		 142
61097		 16
61098		 16
61104		 10
61105		 1786
61107		 7636
61109		 538
61111		 10
61113		 10
61114		 10
61116		 16
61117		 16
61140		 16
61141		 16
61158		 10
61162		 1083
61164		 12
61165		 11
61168		 10
61173		 16
61174		 16
62123		 12
62124		 11
62125		 10
62126		 16
62128		 10
62165		 10
62166		 10
62167		 10
62168		 10
62169		 10
62170		 10
62171		 10
62172		 10
62173		 10
62174		 10
62175		 10
62176		 10
62177		 10
62178		 10
62179		 10
62180		 10
62181		 10
62182		 1713
62185		 16
62232		 10
62317		 10
62318		 10
62319		 10
62320		 10
62321		 10
62322		 10
62323		 10
62324		 1378
62325		 10
62326		 10
62327		 10
62328		 10
62329		 10
62330		 10
62331		 10
62332		 10
62333		 10
62334		 10
62335		 10
62336		 10
62337		 10
62338		 774
62339		 982
62340		 1842
62341		 2607
62342		 1973
62343		 984
62344		 4261
62345		 286
62350		 1291
62358		 2605
62360		 1066
62407		 29
62409		 23
62411		 41
62413		 30
62415		 41
62417		 31
62419		 28
62421		 26
62423		 32
62425		 32
62427		 44
62429		 32
62431		 22
62433		 32
62435		 32
62437		 38
62439		 30
62441		 32
62443		 23
62445		 23
62447		 27
62449		 32
62451		 41
62485		 24
62486		 22
62488		 22
62489		 10
62490		 10
62491		 357
62492		 22
62493		 22
62494		 22
62495		 22
62496		 372
62497		 10
62498		 249
62499		 22
62500		 22
62501		 22
62502		 16
62503		 20
62504		 20
62505		 20
62506		 20
62507		 20
62508		 20
62509		 20
62510		 20
62511		 20
62512		 20
62513		 20
62514		 20
62515		 20
62516		 20
62517		 20
62518		 20
62519		 13
62520		 15
62521		 15
62522		 15
62523		 15
62524		 15
62525		 15
62526		 13
62527		 20
62528		 20
62529		 20
62530		 13
62531		 13
62532		 20
62533		 16
62534		 20
62535		 13
62536		 20
62537		 13
62538		 15
62539		 15
62540		 13
62541		 20
62542		 20
62543		 20
62544		 20
62545		 20
62546		 20
62547		 20
62548		 20
62549		 20
62550		 20
62551		 13
62552		 20
62553		 20
62554		 13
62555		 20
62556		 20
62557		 20
62558		 13
62559		 20
62560		 13
62561		 13
62562		 13
62563		 13
62564		 13
62565		 13
62566		 13
62567		 13
62568		 13
62569		 13
62570		 13
62571		 13
62572		 13
62573		 13
62574		 13
62575		 13
62576		 13
62577		 13
62578		 20
62579		 20
62580		 13
62581		 20
62582		 20
62583		 20
62584		 15
62585		 20
62586		 13
62587		 13
62588		 13
62589		 10
62590		 20
62591		 18
62592		 20
62593		 20
62594		 20
62595		 20
62596		 20
62597		 20
62598		 20
62599		 20
62600		 20
62601		 20
62602		 13
62603		 20
62604		 16
62605		 16
62606		 21
62607		 20
62608		 20
62609		 20
62610		 16
62611		 20
62612		 21
62613		 20
62614		 20
62615		 20
62616		 20
62618		 10
62619		 497
62621		 12
62641		 1114
62642		 2046
62643		 80
62650		 16
62651		 10
62653		 16
62655		 16
62656		 16
62658		 16
62660		 20
62661		 20
62662		 20
62663		 20
62664		 20
62665		 20
62666		 20
62669		 32
62671		 16
62673		 34
62675		 27
62677		 35
62679		 26
62683		 16
62687		 20
62688		 20
62689		 20
62690		 13
62691		 15
62692		 13
62693		 13
62694		 21
62695		 15
62696		 13
62697		 16
62698		 10
62699		 13
62700		 20
62701		 13
62702		 15
62703		 13
62704		 13
62705		 20
62706		 13
62707		 318
62713		 874
62714		 80
62728		 35
62730		 20
62734		 20
62735		 13
62736		 16
62737		 15
62738		 15
62739		 15
62740		 14
62741		 14
62742		 14
62743		 14
62744		 13
62746		 38
62747		 30
62749		 18
62751		 500
62752		 449
62753		 23
62754		 20
62755		 20
62756		 20
62757		 20
62758		 20
62759		 20
62760		 19
62761		 20
62762		 20
62763		 20
62764		 20
62765		 13
62766		 16
62774		 16
62775		 10
62777		 150
62783		 116
62785		 194
62787		 1058
62789		 143
62790		 30
62864		 150
62869		 80
62898		 10
62899		 12
62900		 12
62901		 16
62902		 16
62903		 16
62904		 16
62905		 12
62906		 16
62907		 16
62908		 16
62909		 16
62910		 16
62929		 12
62930		 16
62931		 16
62932		 16
62933		 16
62934		 12
62944		 16
62945		 10
62947		 2422
62953		 10
62956		 11
63056		 46
63057		 126
63058		 16
63059		 25
63061		 23
63129		 13
63130		 13
63131		 13
63132		 13
63134		 18
63135		 332
63136		 1256
63137		 214
63138		 215
63139		 13
63140		 16
63141		 16
63142		 225
63143		 16
63144		 355
63145		 16
63146		 16
63147		 16
63148		 16
63149		 16
63150		 20
63151		 20
63152		 16
63153		 16
63154		 16
63155		 16
63156		 16
63157		 16
63158		 16
63159		 16
63160		 16
63161		 16
63162		 16
63163		 16
63164		 16
63182		 46
63183		 410
63184		 416
63185		 218
63186		 342
63187		 216
63534		 16
63535		 16
63536		 16
63537		 16
63538		 10
63539		 16
63540		 16
63541		 16
63542		 16
63543		 10
63544		 16
63545		 16
63546		 16
63547		 16
63548		 16
63549		 16
63550		 16
63551		 12
63552		 16
63553		 16
63554		 16
63555		 10
63556		 16
63557		 16
63558		 16
63559		 16
63560		 12
63561		 10
63562		 10
63563		 16
63564		 16
63565		 16
63566		 16
63567		 16
63568		 16
63569		 16
63570		 16
63572		 16
63574		 16
63575		 16
63577		 16
63578		 16
63580		 16
63581		 16
63583		 16
63584		 10
63585		 16
63586		 16
63587		 16
63588		 16
63589		 16
63590		 16
63591		 16
63592		 16
63593		 16
63594		 16
63596		 16
63598		 10
63599		 16
63600		 16
63601		 10
63603		 16
63604		 16
63605		 16
63606		 16
63607		 16
63608		 16
63609		 16
63610		 16
63611		 16
63612		 16
63613		 16
63614		 16
63615		 12
63616		 16
63617		 10
63618		 12
63619		 16
63620		 16
63621		 16
63622		 16
63623		 10
63624		 16
63625		 16
63626		 16
63627		 16
63629		 16
63630		 16
63631		 16
63632		 16
63633		 16
63634		 16
63635		 16
63636		 16
63637		 16
63638		 16
63639		 10
63640		 16
63641		 16
63642		 16
63643		 16
63644		 16
63645		 16
63646		 16
63648		 16
63649		 16
63650		 16
63651		 16
63653		 16
63654		 16
63655		 16
63656		 10
63657		 16
63658		 16
63659		 16
63660		 16
63662		 16
63663		 16
63664		 16
63665		 16
63666		 16
63667		 16
63668		 10
63669		 16
63670		 16
63671		 16
63672		 16
63673		 16
63674		 18
63675		 10
63676		 16
63677		 16
63678		 16
63679		 16
63680		 16
63681		 16
63682		 16
63683		 16
63684		 16
63685		 16
63686		 280
63687		 112
63688		 100
63689		 242
63690		 62
63692		 46
63743		 10
63744		 10
63745		 10
63746		 10
63747		 40
63748		 10
63749		 10
63750		 10
63751		 10
63752		 10
63753		 10
63754		 10
63755		 10
63756		 10
63757		 10
63758		 10
63759		 10
63760		 18
63761		 10
63762		 10
63763		 10
63764		 10
63765		 10
63766		 10
63767		 10
63792		 25
63800		 12
63804		 17
63940		 1786
63941		 1509
63942		 1686
63943		 230
63944		 1865
63945		 352
63947		 2019
63948		 2055
63949		 1995
63950		 2013
63951		 1997
63952		 16
63953		 16
63954		 16
63955		 16
63956		 16
63957		 16
63958		 16
63959		 12
63960		 1
63961		 16
63962		 16
63963		 2118
63964		 578
63965		 1
63966		 1
63967		 161
63969		 1
63970		 1
63971		 339
63972		 231
63973		 217
63974		 16
63975		 1726
63977		 1
63978		 306
63979		 110
63980		 1532
63981		 1571
63982		 1534
63983		 16
63984		 16
63985		 16
63986		 16
63987		 16
63988		 17
63989		 17
63990		 17
63991		 16
63992		 17
63993		 17
63994		 2538
63995		 16
63996		 322
63997		 16
63998		 16
63999		 16
64000		 546
64001		 22
64002		 154
64003		 16
64006		 16
64008		 12
64012		 1529
64013		 1616
64014		 322
64015		 303
64016		 100
64018		 325
64019		 328
64020		 334
64021		 349
64022		 3054
64023		 236
64024		 636
64025		 740
64026		 264
64027		 1268
64051		 1561
64054		 122
64056		 1
64058		 15
64060		 10
64061		 10
64062		 10
64065		 896
64066		 16
64080		 16
64081		 16
64082		 16
64083		 16
64084		 16
64085		 16
64100		 16
64101		 16
64102		 16
64103		 16
64104		 16
64105		 16
64106		 16
64107		 16
64109		 16
64110		 16
64111		 16
64113		 16
64114		 16
64116		 16
64119		 16
64120		 16
64121		 16
64123		 16
64124		 16
64125		 16
64129		 36
64134		 2333
64136		 1980
64138		 198
64140		 51
64142		 25
64144		 90
64146		 106
64148		 26
64150		 46
64152		 38
64154		 66
64156		 194
64158		 21
64160		 2
64162		 26
64164		 106
64166		 102
64168		 58
64170		 194
64172		 106
64174		 26
64176		 38
64178		 26
64180		 38
64182		 26
64184		 26
64186		 102
64188		 194
64190		 102
64192		 102
64194		 194
64196		 106
64198		 86
64200		 26
64202		 62
64204		 82
64206		 46
64208		 46
64210		 82
64212		 82
64220		 146
64221		 10
64223		 15
64224		 22
64225		 22
64226		 22
64227		 22
64228		 15
64229		 22
64230		 15
64231		 15
64232		 15
64233		 15
64234		 22
64235		 15
64236		 15
64237		 22
64238		 22
64239		 15
64240		 22
64241		 22
64242		 15
64243		 22
64249		 21
64264		 22
64265		 22
64266		 22
64267		 22
64268		 22
64269		 22
64270		 22
64271		 22
64272		 22
64273		 22
64274		 22
64275		 22
64276		 22
64277		 22
64278		 22
64279		 22
64280		 22
64281		 22
64282		 22
64283		 22
64284		 22
64285		 22
64286		 22
64287		 22
64288		 22
64289		 24
64290		 22
64291		 22
64292		 22
64293		 22
64294		 22
64295		 22
64296		 22
64297		 22
64298		 22
64299		 22
64300		 22
64301		 22
64302		 22
64303		 22
64304		 22
64305		 22
64306		 22
64307		 15
64308		 15
64309		 22
64310		 22
64311		 22
64312		 15
64313		 22
64314		 22
64315		 22
64316		 22
64317		 22
64318		 22
64319		 15
64320		 22
64321		 22
64322		 22
64323		 22
64324		 22
64325		 22
64326		 22
64327		 22
64328		 22
64329		 22
64330		 15
64331		 22
64332		 22
64333		 24
64334		 22
64335		 22
64336		 22
64337		 22
64338		 22
64339		 22
64340		 22
64341		 22
64342		 22
64343		 22
64344		 22
64345		 22
64346		 22
64347		 22
64348		 22
64349		 22
64350		 22
64351		 15
64352		 22
64353		 22
64354		 22
64355		 22
64356		 15
64357		 15
64358		 22
64359		 22
64360		 15
64361		 22
64362		 22
64363		 22
64364		 22
64365		 22
64366		 22
64367		 22
64368		 22
64369		 22
64370		 22
64371		 22
64372		 22
64373		 22
64374		 15
64375		 15
64376		 22
64377		 15
64378		 15
64379		 15
64380		 15
64381		 15
64382		 15
64383		 15
64384		 15
64385		 15
64386		 15
64387		 15
64388		 22
64389		 15
64390		 15
64391		 15
64392		 22
64393		 22
64394		 15
64395		 15
64396		 22
64397		 22
64398		 15
64399		 15
64400		 22
64401		 22
64402		 22
64403		 22
64404		 15
64405		 22
64406		 22
64407		 22
64408		 22
64409		 22
64410		 22
64411		 15
64412		 22
64413		 22
64414		 22
64415		 22
64416		 22
64417		 22
64418		 22
64419		 22
64420		 15
64421		 15
64422		 15
64423		 15
64424		 15
64425		 15
64426		 15
64427		 15
64428		 15
64429		 15
64430		 24
64431		 22
64432		 22
64433		 22
64434		 22
64435		 22
64436		 22
64437		 22
64438		 22
64439		 22
64440		 24
64441		 22
64442		 22
64443		 22
64444		 22
64445		 22
64446		 22
64447		 22
64448		 22
64449		 22
64450		 22
64451		 22
64452		 22
64453		 22
64454		 15
64455		 22
64456		 21
64457		 22
64458		 15
64459		 15
64460		 22
64461		 15
64462		 15
64463		 15
64464		 15
64465		 15
64466		 15
64467		 22
64468		 15
64469		 15
64470		 15
64471		 15
64472		 22
64473		 15
64474		 15
64475		 15
64476		 22
64477		 22
64478		 22
64479		 15
64480		 22
64481		 22
64482		 15
64483		 15
64484		 22
64485		 22
64486		 22
64487		 22
64488		 15
64489		 22
64490		 22
64491		 22
64492		 22
64493		 22
64494		 15
64495		 22
64496		 22
64497		 22
64498		 22
64499		 22
64500		 22
64501		 22
64502		 22
64503		 24
64504		 22
64505		 22
64506		 22
64507		 22
64508		 22
64509		 22
64510		 22
64511		 22
64512		 22
64513		 22
64514		 22
64515		 22
64516		 22
64517		 22
64518		 22
64519		 22
64520		 22
64521		 15
64522		 22
64523		 22
64524		 24
64525		 22
64526		 22
64527		 22
64528		 22
64529		 22
64530		 22
64531		 22
64532		 22
64533		 22
64534		 22
64535		 22
64536		 22
64537		 22
64538		 22
64539		 22
64540		 22
64541		 22
64542		 15
64543		 15
64544		 22
64545		 22
64546		 22
64547		 15
64548		 22
64549		 22
64550		 22
64551		 22
64552		 22
64553		 22
64554		 15
64555		 22
64556		 22
64557		 22
64558		 22
64559		 22
64560		 22
64561		 22
64562		 22
64563		 22
64564		 22
64565		 15
64566		 22
64567		 22
64568		 24
64569		 22
64570		 22
64571		 22
64572		 22
64573		 22
64574		 22
64575		 22
64576		 22
64577		 22
64578		 22
64579		 22
64580		 22
64581		 22
64582		 22
64583		 22
64584		 22
64585		 22
64586		 22
64587		 15
64588		 22
64589		 22
64590		 22
64591		 22
64592		 22
64593		 22
64594		 22
64596		 22
64597		 22
64598		 22
64599		 22
64600		 22
64601		 22
64602		 22
64603		 22
64604		 22
64605		 22
64606		 22
64607		 22
64608		 22
64609		 24
64610		 22
64611		 22
64612		 22
64613		 22
64614		 22
64615		 22
64616		 22
64617		 22
64618		 22
64619		 22
64620		 22
64621		 22
64622		 22
64623		 22
64624		 22
64625		 22
64626		 22
64627		 22
64628		 22
64629		 22
64630		 22
64631		 22
64632		 22
64633		 22
64634		 22
64635		 22
64636		 22
64637		 22
64638		 22
64639		 22
64640		 22
64641		 22
64642		 22
64643		 22
64644		 22
64645		 22
64646		 22
64647		 22
64648		 22
64649		 22
64651		 22
64652		 22
64653		 22
64654		 22
64655		 22
64656		 22
64657		 22
64658		 22
64659		 22
64660		 22
64661		 22
64662		 22
64663		 22
64664		 22
64665		 22
64666		 22
64667		 22
64668		 22
64669		 22
64670		 22
64671		 22
64672		 22
64673		 22
64674		 24
64675		 22
64676		 22
64677		 22
64678		 22
64679		 22
64680		 22
64681		 22
64682		 22
64683		 22
64684		 22
64685		 22
64686		 22
64687		 22
64688		 22
64689		 22
64690		 22
64691		 22
64692		 22
64693		 15
64694		 22
64695		 22
64696		 22
64697		 15
64698		 22
64699		 22
64700		 22
64701		 22
64702		 22
64703		 22
64704		 22
64705		 22
64706		 22
64707		 22
64708		 22
64709		 22
64710		 22
64711		 22
64712		 22
64713		 22
64714		 22
64715		 15
64716		 22
64717		 22
64718		 22
64719		 22
64720		 22
64721		 22
64722		 22
64723		 22
64724		 22
64725		 22
64726		 22
64727		 22
64728		 22
64729		 22
64730		 22
64731		 22
64732		 22
64733		 22
64734		 22
64735		 22
64736		 22
64737		 22
64738		 22
64739		 22
64740		 22
64741		 26
64742		 26
64743		 26
64744		 26
64745		 26
64746		 26
64747		 26
64748		 26
64749		 26
64750		 26
64751		 26
64752		 26
64753		 26
64754		 26
64755		 26
64756		 26
64757		 22
64758		 22
64759		 22
64760		 22
64761		 22
64762		 22
64763		 22
64764		 22
64765		 22
64766		 22
64767		 22
64768		 22
64769		 22
64770		 22
64771		 22
64772		 22
64773		 22
64774		 22
64775		 22
64776		 22
64777		 22
64778		 22
64779		 22
64780		 22
64781		 22
64782		 546
64789		 46
64791		 22
64793		 34
64795		 25
64797		 38
64799		 22
64800		 22
64801		 22
64802		 22
64803		 22
64993		 10
65008		 10
65010		 22
65011		 22
65012		 22
65013		 22
65014		 22
65015		 22
65016		 22
65017		 22
65018		 22
65019		 15
65020		 22
65027		 459
65028		 562
65029		 294
65032		 22
65033		 15
65034		 15
65035		 15
65036		 15
65037		 15
65038		 15
65039		 15
65040		 15
65041		 15
65042		 15
65043		 15
65044		 15
65045		 15
65046		 15
65047		 22
65048		 22
65049		 22
65050		 22
65051		 22
65052		 22
65053		 22
65130		 826
65132		 790
65888		 10
65889		 10
65890		 10
65891		 16
65892		 16
65893		 16
65894		 16
65895		 16
65896		 16
65897		 16
65898		 16
65899		 16
65900		 10
65901		 10
65902		 10
65903		 10
65904		 10
65905		 10
65906		 16
65914		 10
65915		 16
65916		 16
65917		 16
65918		 16
65919		 10
65920		 10
65921		 16
65922		 10
65923		 10
65924		 16
65925		 10
65926		 16
65927		 16
65928		 16
65929		 16
65930		 16
65931		 16
65932		 16
65933		 16
65934		 16
65935		 10
65936		 10
65937		 16
65938		 16
65939		 10
65940		 16
65941		 16
65943		 16
65944		 10
65945		 16
65946		 16
65947		 16
65948		 16
65949		 16
65950		 16
65951		 10
65952		 16
65953		 10
65954		 10
65955		 16
65956		 10
65957		 10
65958		 16
65959		 16
65963		 16
65964		 16
65965		 16
65970		 16
65971		 16
65972		 16
65973		 16
65974		 16
65975		 16
65976		 16
65978		 16
65979		 16
65980		 16
65981		 16
65982		 16
65983		 16
65984		 16
65985		 16
65986		 16
65987		 16
65988		 16
65989		 16
65990		 10
65991		 16
65992		 16
65993		 16
65994		 16
65995		 16
65996		 16
65997		 16
65998		 16
66000		 16
66001		 16
66003		 16
66004		 16
66005		 16
66006		 16
66007		 10
66008		 16
66009		 10
66010		 16
66011		 10
66012		 16
66013		 16
66014		 16
66015		 16
66016		 16
66017		 16
66018		 16
66019		 16
66020		 16
66021		 16
66022		 16
66023		 16
66024		 16
66025		 10
66026		 16
66027		 16
66028		 16
66029		 16
66030		 10
66031		 10
66032		 16
66033		 10
66034		 10
66035		 16
66036		 16
66037		 16
66038		 16
66040		 10
66041		 16
66042		 10
66043		 16
66044		 10
66045		 10
66046		 16
66047		 16
66048		 16
66049		 16
66052		 10
66053		 16
66054		 16
66055		 16
66056		 16
66057		 16
66058		 16
66060		 16
66061		 16
66062		 16
66063		 16
66064		 16
66065		 10
66066		 10
66067		 16
66068		 16
66069		 16
66070		 16
66071		 16
66072		 10
66073		 16
66074		 16
66075		 16
66076		 16
66077		 16
66082		 16
66084		 16
66085		 10
66086		 16
66087		 16
66088		 16
66089		 16
66090		 16
66091		 16
66092		 16
66093		 16
66094		 16
66095		 16
66096		 16
66097		 16
66098		 16
66100		 16
66101		 16
66102		 16
66104		 10
66105		 16
66106		 16
66107		 16
66108		 16
66109		 16
66110		 16
66111		 16
66112		 16
66113		 16
66114		 16
66115		 16
66117		 16
66118		 16
66119		 16
66121		 16
66122		 16
66123		 16
66124		 16
66125		 16
66126		 16
66127		 10
66128		 16
66129		 16
66130		 16
66131		 16
66132		 16
66133		 10
66134		 16
66135		 16
66136		 16
66137		 16
66138		 16
66139		 10
66140		 16
66141		 16
66142		 16
66143		 16
66144		 16
66145		 16
66146		 16
66147		 16
66148		 16
66150		 16
66151		 16
66152		 16
66153		 16
66154		 10
66155		 16
66156		 16
66157		 16
66158		 16
66159		 10
66160		 16
66169		 16
66170		 10
66171		 10
66172		 10
66173		 10
66174		 16
66175		 16
66176		 16
66177		 16
66178		 16
66179		 10
66180		 16
66182		 16
66183		 16
66184		 16
66185		 16
66186		 16
66187		 16
66188		 16
66189		 16
66190		 16
66191		 10
66192		 16
66193		 16
66194		 16
66195		 10
66196		 16
66197		 10
66198		 10
66199		 10
66200		 16
66207		 16
66208		 16
66210		 16
66211		 16
66212		 16
66213		 16
66214		 16
66215		 16
66216		 16
66217		 16
66218		 16
66219		 16
66220		 16
66221		 16
66222		 16
66223		 16
66224		 16
66225		 16
66226		 16
66227		 16
66228		 16
66229		 16
66230		 16
66231		 16
66232		 16
66233		 16
66234		 16
66235		 16
66236		 16
66237		 16
66238		 16
66239		 16
66240		 16
66241		 10
66242		 16
66243		 16
66244		 16
66245		 16
66246		 16
66247		 16
66248		 16
66249		 16
66250		 16
66251		 16
66252		 16
66253		 16
66254		 10
66255		 16
66256		 16
66257		 16
66258		 16
66259		 16
66260		 16
66261		 16
66262		 16
66263		 16
66265		 16
66266		 16
66267		 16
66359		 10
66360		 16
66364		 16
66365		 16
66366		 16
66367		 16
66368		 16
66369		 16
66370		 16
66371		 10
66372		 16
66373		 10
66375		 10
66377		 10
66378		 10
66382		 10
66383		 10
66384		 10
66385		 10
66386		 10
66387		 10
66388		 10
66389		 10
66390		 10
66391		 10
66392		 10
66394		 16
66395		 16
66396		 16
66397		 16
66398		 16
66400		 10
66401		 16
66406		 16
66413		 16
66415		 16
66417		 22
66418		 22
66419		 22
66420		 22
66421		 22
66422		 22
66423		 22
66425		 10
66427		 10
66470		 1022
66474		 462
66475		 12
66476		 1
66478		 1
66479		 12
66480		 12
66481		 12
66482		 12
66483		 12
66490		 10
66492		 10
66493		 10
66514		 10
66516		 10
66529		 10
66539		 16
66540		 16
66543		 16
66552		 266
66553		 20
66554		 20
66555		 20
66556		 20
66579		 64
66580		 22
66581		 22
66582		 22
66583		 22
66584		 22
66585		 22
66586		 21
66665		 22
66715		 16
66716		 10
66717		 10
66718		 10
66719		 10
66720		 10
66721		 10
66723		 10
66724		 136
66725		 16
66726		 16
66727		 16
66728		 16
66729		 16
66730		 16
66731		 16
66732		 16
66733		 16
66734		 16
66735		 16
66736		 16
66737		 16
66738		 16
66740		 16
66742		 16
66743		 16
66744		 16
66745		 16
66746		 16
66750		 12
66751		 28
66752		 28
66763		 38
66764		 26
66765		 10
66766		 10
66767		 16
66768		 10
66769		 10
66770		 10
66771		 10
66772		 10
66773		 10
66774		 10
66775		 10
66776		 10
66777		 10
66778		 10
66779		 10
66780		 16
66781		 258
66782		 21
66786		 10
66787		 48
66789		 20
66819		 748
66820		 13
66821		 13
66822		 13
66823		 13
66824		 13
66825		 13
66826		 13
66827		 13
66828		 13
66829		 13
66830		 13
66831		 13
66832		 13
66833		 10
66834		 13
66835		 13
66836		 13
66837		 13
66839		 16
66840		 16
66841		 16
66842		 16
66843		 10
66844		 10
66845		 10
66846		 10
66847		 10
66848		 942
66849		 10
66851		 16
66852		 10
66853		 10
66854		 10
66855		 10
66859		 2396
66861		 2440
66862		 14
66863		 10
66864		 10
66865		 10
66866		 10
66868		 54
66869		 16
66870		 4242
66871		 1276
66873		 927
66875		 10
66876		 1235
66877		 2816
66878		 278
66880		 246
66941		 10
66943		 428
66948		 43
66949		 10
66966		 16
66968		 10
66970		 16
66973		 10
66988		 10
66989		 10
66990		 10
66991		 16
66992		 10
66993		 10
67002		 10
67016		 10
67017		 10
67018		 10
67028		 394
67029		 183
67134		 16
67580		 16
67582		 76
67588		 16
67596		 30
67597		 42
67598		 86
67599		 78
67600		 30
67601		 82
67602		 82
67603		 62
67604		 114
67605		 114
67606		 196
67607		 86
67608		 106
67609		 38
67610		 82
67611		 78
67612		 30
67613		 38
67614		 86
67615		 114
67616		 30
67617		 42
67618		 34
67619		 30
67620		 42
67621		 30
67622		 42
67623		 30
67624		 42
67625		 30
67626		 42
67627		 30
67628		 26
67629		 42
67630		 38
67631		 30
67632		 42
67633		 30
67634		 42
67635		 30
67636		 42
67637		 30
67638		 42
67639		 30
67640		 42
67641		 86
67642		 86
67643		 106
67644		 82
67645		 62
67646		 38
67647		 82
67648		 30
67649		 42
67650		 82
67651		 30
67652		 82
67653		 30
67655		 42
67656		 110
67657		 78
67658		 38
67659		 78
67660		 82
67661		 26
67662		 38
67663		 54
67664		 66
67736		 26
67737		 26
67738		 26
67739		 26
67740		 26
67741		 26
67742		 26
67743		 15
67744		 22
67745		 22
67746		 22
67747		 22
67748		 22
67749		 15
67750		 22
67751		 15
67752		 22
67753		 22
67754		 15
67755		 22
67756		 22
67757		 22
67758		 26
67759		 26
67760		 19
67761		 26
67762		 26
67763		 26
67764		 26
67765		 26
67766		 26
67767		 26
67768		 19
67769		 26
67770		 26
67771		 26
67772		 26
67773		 19
67774		 19
67775		 26
67776		 19
67777		 26
67778		 26
67779		 26
67780		 26
67781		 26
67782		 26
67783		 19
67784		 26
67785		 26
67786		 19
67787		 26
67788		 26
67789		 26
67790		 19
67791		 26
67792		 26
67793		 26
67794		 26
67795		 26
67796		 26
67797		 26
67798		 26
67799		 26
67800		 26
67801		 26
67802		 26
67803		 26
67804		 26
67805		 26
67806		 26
67807		 26
67808		 26
67809		 26
67810		 26
67811		 26
67812		 26
67813		 26
67814		 26
67815		 26
67816		 26
67817		 26
67818		 26
67819		 26
67820		 26
67821		 22
67822		 22
67823		 22
67824		 22
67825		 22
67826		 22
67827		 22
67828		 22
67829		 22
67830		 22
67831		 22
67832		 22
67833		 22
67834		 22
67835		 22
67836		 22
67837		 22
67838		 22
67839		 22
67840		 22
67841		 22
67842		 15
67843		 22
67844		 22
67845		 22
67846		 22
67847		 22
67848		 15
67849		 22
67850		 15
67851		 22
67852		 22
67853		 15
67854		 22
67855		 22
67856		 22
67857		 26
67858		 26
67859		 26
67860		 26
67861		 26
67862		 26
67863		 26
67864		 19
67865		 26
67866		 26
67867		 26
67868		 26
67869		 26
67870		 26
67871		 26
67872		 26
67873		 26
67874		 26
67875		 19
67876		 26
67877		 26
67878		 26
67879		 26
67880		 26
67881		 26
67882		 26
67883		 26
67884		 19
67885		 19
67886		 10
67887		 26
67888		 26
67889		 26
67890		 26
67891		 26
67892		 26
67893		 26
67894		 22
67895		 22
67896		 22
67897		 22
67898		 26
67899		 26
67900		 26
67901		 26
67902		 26
67903		 26
67904		 26
67905		 26
67906		 26
67907		 26
67908		 26
67909		 26
67910		 26
67911		 26
67912		 26
67913		 26
67914		 26
67915		 26
67916		 26
67917		 26
67918		 26
67919		 26
67920		 26
67921		 26
67922		 26
67923		 26
67924		 26
67925		 26
67926		 26
67927		 26
67928		 22
67929		 22
67930		 26
67931		 26
67932		 26
67933		 26
67934		 26
67935		 22
67936		 22
67937		 22
67938		 22
67939		 22
67940		 26
67941		 26
67942		 26
67943		 26
67944		 26
67945		 26
67946		 26
67947		 26
67948		 26
67949		 26
67950		 26
67951		 26
67952		 26
67953		 26
67954		 26
67955		 26
67956		 26
67957		 26
67958		 26
67959		 26
67960		 26
67961		 26
67962		 26
67963		 26
67964		 26
67965		 26
67966		 26
67967		 26
67968		 26
67969		 26
67970		 26
67971		 26
67972		 26
67973		 26
67974		 26
67975		 19
67976		 26
67977		 26
67978		 26
67979		 26
67980		 26
67981		 19
67982		 26
67983		 19
67984		 26
67985		 26
67986		 19
67987		 26
67988		 26
67989		 26
67990		 26
67991		 22
67992		 22
67993		 22
67994		 22
67995		 22
67996		 22
67997		 22
67998		 22
67999		 22
68000		 22
68001		 22
68002		 22
68003		 22
68004		 22
68005		 22
68006		 22
68007		 22
68008		 22
68009		 22
68010		 22
68011		 22
68012		 22
68013		 19
68014		 26
68015		 26
68016		 26
68017		 26
68018		 26
68019		 19
68020		 26
68021		 19
68022		 26
68023		 26
68024		 19
68025		 26
68026		 26
68027		 26
68028		 22
68029		 15
68030		 22
68031		 22
68032		 22
68033		 22
68034		 22
68035		 22
68036		 22
68037		 22
68038		 22
68039		 26
68040		 26
68041		 26
68042		 26
68043		 26
68044		 26
68045		 26
68046		 26
68047		 26
68048		 26
68049		 19
68050		 26
68051		 26
68052		 26
68053		 26
68054		 19
68055		 26
68056		 26
68057		 26
68058		 26
68059		 26
68060		 26
68061		 26
68062		 26
68063		 26
68064		 26
68065		 26
68066		 26
68067		 26
68068		 26
68069		 26
68070		 26
68071		 26
68072		 26
68073		 26
68074		 26
68075		 26
68076		 19
68077		 26
68078		 26
68079		 26
68080		 26
68081		 26
68082		 19
68083		 26
68084		 26
68085		 26
68086		 26
68087		 26
68088		 19
68089		 26
68090		 26
68091		 26
68092		 19
68093		 26
68094		 26
68095		 26
68096		 19
68097		 26
68098		 26
68099		 26
68100		 26
68101		 26
68102		 26
68103		 26
68104		 22
68105		 15
68106		 22
68107		 22
68108		 22
68109		 22
68110		 22
68111		 22
68112		 15
68113		 22
68114		 22
68115		 15
68116		 22
68117		 22
68118		 22
68119		 22
68120		 15
68121		 22
68122		 22
68123		 22
68124		 22
68125		 22
68126		 22
68127		 15
68128		 22
68129		 22
68130		 22
68131		 22
68132		 15
68133		 22
68134		 22
68135		 22
68136		 15
68137		 22
68138		 22
68139		 22
68140		 22
68141		 22
68142		 22
68143		 22
68144		 22
68145		 22
68146		 22
68147		 15
68148		 22
68149		 22
68150		 22
68151		 22
68152		 22
68153		 15
68154		 22
68155		 22
68156		 22
68157		 22
68158		 15
68159		 22
68160		 22
68161		 22
68162		 19
68163		 26
68164		 26
68165		 26
68166		 26
68167		 26
68168		 19
68169		 26
68170		 26
68171		 26
68172		 19
68173		 26
68174		 26
68175		 26
68176		 26
68177		 22
68178		 22
68179		 22
68180		 22
68181		 22
68182		 22
68183		 22
68184		 22
68185		 22
68186		 22
68187		 22
68188		 22
68189		 22
68190		 22
68191		 22
68192		 15
68193		 26
68194		 26
68195		 26
68196		 26
68197		 26
68198		 26
68199		 19
68200		 26
68201		 26
68202		 19
68203		 26
68209		 76
68215		 588
68241		 16
68242		 10
68243		 10
68244		 10
68245		 10
68246		 16
68247		 16
68248		 10
68249		 16
68250		 16
68268		 10
68269		 26
68270		 26
68271		 26
68272		 26
68273		 26
68274		 26
68275		 26
68276		 26
68277		 26
68278		 26
68279		 26
68280		 26
68281		 26
68282		 26
68283		 26
68284		 26
68285		 19
68286		 26
68287		 26
68288		 26
68289		 26
68290		 26
68291		 26
68292		 26
68294		 26
68295		 26
68297		 26
68299		 26
68300		 26
68302		 19
68303		 26
68305		 22
68306		 22
68307		 22
68308		 22
68309		 22
68310		 22
68311		 22
68312		 22
68313		 22
68314		 22
68315		 15
68316		 15
68317		 15
68318		 15
68319		 15
68320		 15
68321		 15
68322		 15
68323		 15
68324		 15
68325		 15
68326		 15
68327		 15
68328		 15
68329		 15
68330		 15
68331		 15
68332		 15
68334		 15
68335		 15
68336		 15
68337		 22
68338		 22
68339		 22
68340		 15
68341		 22
68342		 15
68343		 22
68344		 15
68345		 22
68346		 22
68347		 22
68348		 22
68349		 22
68351		 22
68352		 22
68353		 22
68354		 22
68355		 15
68356		 22
68358		 15
68359		 15
68360		 15
68361		 15
68362		 22
68363		 26
68364		 26
68365		 26
68366		 26
68367		 26
68368		 26
68369		 26
68370		 26
68371		 26
68372		 26
68373		 26
68374		 26
68375		 26
68376		 26
68377		 26
68378		 19
68379		 22
68380		 22
68381		 22
68382		 22
68383		 22
68384		 22
68385		 22
68386		 22
68387		 22
68388		 22
68389		 22
68390		 22
68391		 22
68392		 15
68393		 22
68394		 15
68395		 15
68396		 15
68397		 15
68398		 22
68399		 15
68400		 22
68401		 19
68402		 26
68403		 26
68404		 26
68405		 26
68406		 26
68407		 26
68408		 26
68409		 19
68410		 26
68411		 26
68412		 26
68413		 26
68414		 26
68415		 19
68416		 19
68417		 26
68418		 26
68419		 26
68420		 26
68421		 26
68422		 26
68423		 26
68424		 26
68425		 26
68426		 26
68427		 26
68428		 26
68429		 26
68430		 26
68431		 26
68432		 26
68437		 18
68521		 35
68522		 17
68523		 44
68524		 35
68525		 27
68526		 32
68527		 18
68528		 19
68529		 23
68562		 10
68563		 10
68564		 10
68565		 10
68566		 10
68570		 10
68571		 10
68572		 10
68573		 10
68574		 10
68575		 10
68576		 10
68577		 10
68578		 10
68579		 10
68580		 10
68581		 10
68582		 10
68583		 10
68584		 10
68585		 10
68586		 10
68587		 10
68588		 10
68589		 10
68590		 10
68591		 10
68592		 10
68594		 10
68595		 10
68596		 10
68597		 10
68598		 10
68599		 10
68600		 10
68601		 28
68605		 3266
68606		 13
68607		 13
68608		 20
68609		 13
68610		 13
68611		 13
68613		 13
68614		 20
68615		 13
68616		 20
68617		 20
68618		 20
68619		 13
68620		 13
68621		 13
68622		 20
68623		 20
68624		 20
68625		 20
68626		 20
68627		 22
68628		 20
68629		 22
68630		 20
68631		 20
68632		 20
68633		 13
68634		 13
68635		 16
68636		 16
68637		 13
68638		 13
68639		 13
68640		 20
68641		 20
68642		 1014
68643		 942
68644		 10
68646		 934
68647		 42
68648		 84
68649		 56
68650		 1184
68651		 56
68674		 16
68675		 16
68676		 16
68679		 38
68681		 76
68684		 28
68686		 13
68687		 13
68688		 13
68689		 1238
68691		 336
68693		 514
68695		 56
68699		 3496
68701		 1410
68703		 292
68704		 20
68705		 44
68706		 22
68708		 13
68709		 13
68710		 13
68711		 13
68713		 1230
68725		 168
68729		 718
68731		 10
68776		 10
68777		 10
68778		 10
68779		 10
68783		 10
68786		 10
68788		 16
68789		 10
68791		 448
68792		 10
68808		 16
68810		 16
68812		 16
68825		 16
68826		 16
68827		 16
68872		 16
68873		 16
68874		 16
68875		 16
68876		 16
68877		 16
68878		 16
68879		 16
68880		 10
68881		 16
68882		 10
68883		 16
68884		 16
68885		 16
68886		 16
68887		 16
68888		 16
68889		 16
68890		 10
68891		 16
68892		 10
68893		 16
68904		 20
68914		 10
68916		 10
68918		 10
68920		 802
68921		 10
68942		 12
68943		 1
68961		 32
68962		 22
68963		 29
68964		 23
68965		 19
68966		 27
68967		 32
68968		 19
68969		 13
68990		 16
68994		 20
68995		 19
68996		 19
68997		 19
68998		 19
68999		 13
69000		 13
69001		 13
69002		 13
69003		 19
69004		 19
69005		 19
69006		 13
69007		 19
69008		 19
69009		 13
69010		 13
69011		 13
69012		 16
69013		 10
69014		 16
69015		 10
69016		 13
69017		 1244
69018		 19
69020		 19
69021		 19
69022		 19
69023		 13
69024		 10
69025		 13
69026		 13
69027		 13
69028		 10
69029		 10
69030		 16
69036		 3436
69109		 22
69110		 38
69111		 28
69131		 28
69132		 16
69133		 20
69134		 22
69135		 10
69136		 10
69137		 10
69138		 10
69139		 10
69140		 12
69141		 12
69142		 10
69143		 10
69144		 10
69145		 10
69146		 10
69147		 10
69148		 10
69149		 12
69150		 12
69151		 10
69152		 26
69153		 10
69154		 12
69155		 12
69156		 10
69157		 10
69158		 385
69159		 500
69160		 275
69161		 113
69162		 325
69163		 132
69164		 12
69165		 121
69166		 387
69167		 359
69168		 365
69169		 432
69170		 10
69171		 10
69172		 10
69173		 10
69174		 10
69175		 10
69176		 10
69177		 10
69178		 10
69179		 10
69180		 10
69181		 10
69182		 1295
69183		 598
69184		 662
69185		 312
69186		 13
69187		 13
69188		 13
69189		 13
69190		 19
69191		 19
69192		 19
69193		 19
69194		 19
69195		 19
69196		 19
69197		 16
69199		 19
69200		 19
69201		 19
69202		 19
69203		 19
69204		 10
69205		 486
69206		 16
69207		 356
69209		 10
69212		 1
69214		 16
69215		 16
69216		 16
69217		 16
69221		 10
69230		 16
69335		 4052
69340		 10
69345		 354
69346		 10
69347		 16
69350		 1018
69351		 1952
69352		 1952
69359		 10
69360		 10
69361		 10
69372		 10
69373		 10
69374		 10
69376		 2354
69379		 16
69412		 16
69416		 16
69417		 10
69418		 10
69419		 16
69420		 16
69421		 16
69422		 16
69423		 16
69424		 16
69428		 1670
69429		 2225
69436		 16
69437		 16
69438		 10
69439		 17
69440		 17
69441		 10
69445		 10
69967		 16
70241		 1938
70254		 16
70255		 16
70256		 16
70257		 16
70258		 16
70259		 16
70281		 10
70282		 16
70283		 16
70284		 16
70285		 16
70286		 16
70287		 10
70288		 16
70293		 16
70358		 808
70359		 808
70360		 990
70361		 1038
70362		 810
70363		 22
70364		 2730
70365		 3074
70877		 565
70878		 407
70879		 142
70880		 184
70881		 155
70882		 96
70883		 3536
70884		 143
70885		 96
70886		 140
70887		 184
70888		 570
70889		 403
70890		 1222
70891		 3389
70892		 791
70893		 616
70894		 726
70896		 2161
70898		 164
70899		 402
70902		 1945
70903		 84
70904		 1210
70905		 84
70914		 3308
70953		 10
70996		 10
71041		 10
71061		 1074
71184		 1
71217		 84
71218		 120
72029		 84
72365		 688
72366		 324
72378		 220
72423		 16
72424		 722
72425		 810
72426		 810
72427		 220