       39606         368 
       41657        3612 
       44872       68874 
       45975      134994 
       52573       42424 
       52593          40 
       53930       23410 
       53931       23410 
       53942         784 
       54498          40 
       54510       59902 
       56245          42 
       56669        2494 
       59723       56362 
       59726       38850 
       59844       33286 
       60150       62412 
       60427         168 
       62340          42 