       62812          80 
       62813          80 
       62814          80 
       62815          20 
       62816          20 
       62817          20 
       62818          20 
       62819          20 
       62820          20 
       62821         500 
       62822          20 
       62823          20 
       62824          20 
       62825          20 
       62826          20 
       62827          20 
       62828          20 
       62829          20 
       62830          20 
       62831          20 
       62832          20 
       62833          20 
       62834          20 
       62835          20 
       62836          20 
       62837          20 
       62838          20 
       62839          20 
       62840          20 
       62841         500 
       62842         500 
       62843          20 
       62844          20 
       62845          20 
       62846          20 
       62847          20 
       62848          20 
       62849          20 
       62850          20 
       62851          20 
       62852          20 
       62853          20 
       62854          20 
       62856          20 
       62857          20 
       62858          20 
       62859          20 
       62860          20 
       62861          20 
       62865          80 
       62866          80 
       62871          20 
       62911        3652 
       62916          20 
       62935        3652 
       62936       16600 
       62948          80 
       62949          20 
       62950          20 
       62957       16600 
       62959          20 
       62960          20 
       62964          20 
       62965          20 
       62973          80 
       62978          80 
       62979          80 
       62981          80 
       62987          20 
       62992          20 
       63033          80 
       63034          20 
       63036          20 
       63041          20 
       63044        2800 
       63045          20 
       63166          20 
       63167          20 
       63168          20 
       63169          20 
       63170          20 
       63171          20 
       63172          20 
       63175          20 
       63177          20 
       63178          20 
       63179          20 
       63180          20 
       63181          20 
       64063         188 
       64086          20 
       64087          20 
       64115          20 
       64785        3652 
       64786        3652 
       64787        3652 
       64788        3652 
       64804       12000 
       64805       12000 
       64807       12000 
       64808       12000 
       64809       12000 
       64810       12000 
       64811          20 
       64813        6251 
       64814        6580 
       64895          20 
       64994          20 
       64995        6492 
       65001          20 
       65007          20 
       65030       12000 
       65031       12000 
       65054       12000 
       65055       12000 
       65056       12000 
       65057          20 
       65058          20 
       65059          20 
       65060          20 
       65061          20 
       65062          20 
       65063          20 
       65064          20 
       65065          20 
       65066          20 
       65067          20 
       65068          20 
       65069          20 
       65070          20 
       65071          20 
       65072          20 
       65073          20 
       65074          20 
       65075          20 
       65076          20 
       65077          20 
       65078          20 
       65079          20 
       65080          20 
       65081          20 
       65082          20 
       65083          20 
       65084          20 
       65085       12000 
       65086       12000 
       65087       12000 
       65089          20 
       65094          20 
       65096          20 
       65097          20 
       65099          80 
       65103          40 
       65104          20 
       65105          20 
       65107          20 
       65108          20 
       65109          20 
       65110          20 
       65111          20 
       65112          20 
       65113          20 
       65114          20 
       65115          20 
       65116          20 
       65117          20 
       65118          20 
       65119          20 
       65120          20 
       65121          20 
       65122       12000 
       65123       12000 
       65124       12000 
       65125       12000 
       65126        9600 
       65127       12000 
       65128       12000 
       65133       12000 
       65134       12000 
       65135       12000 
       66268       12000 
       66269       12000 
       66270       12000 
       66271       12000 
       66272       12000 
       66432          20 
       66433          20 
       66435          20 
       66436          20 
       66437          20 
       66484          20 
       66485          20 
       66487        7802 
       66488        4512 
       66495       12000 
       66496          20 
       66497          20 
       66502          20 
       66503          20 
       66506          20 
       66509          20 
       66510          20 
       66511          20 
       66517         188 
       66520          20 
       66522          20 
       66523          20 
       66524          20 
       66525          80 
       66557          20 
       66558          20 
       66559       98672 
       66560       98672 
       66561       98672 
       66562       98672 
       66563       98672 
       66651          20 
       66659        1958 
       66748          20 
       66891          20 
       66894          20 
       66895          20 
       66896          20 
       66897          20 
       66898          20 
       66899          20 
       66900          20 
       66901          20 
       66902          20 
       66903          20 
       66904          20 
       66905          20 
       66906          20 
       66907          20 
       66908          20 
       66909          20 
       66910          20 
       66911          20 
       66912          20 
       66913          20 
       66914          20 
       66915          20 
       66916          20 
       66917          20 
       66918          20 
       66919          20 
       66922          20 
       66923          20 
       66924          20 
       66926          20 
       66928          20 
       66931          20 
       66932          20 
       66934          20 
       66935          20 
       66936          20 
       66937          20 
       66995        4512 
       66998          20 
       66999          20 
       67000          20 
       67019        4700 
       67020          80 
       67023        4512 
       67024        4512 
       67025        4512 
       67026        4512 
       67027        4512 
       67255        2400 
       67256       12000 
       67583         188 
       67584         188 
       67585      424154 
       67590          22 
       67591        2112 
       67592          22 
       67595          22 
       68212          20 
       68213          20 
       68218          20 
       68251          20 
       68252          20 
       68253          20 
       68254          20 
       68255          20 
       68258          20 
       68259          20 
       68260          20 
       68261          20 
       68262          20 
       68263          20 
       68264          20 
       68265          20 
       68293        7100 
       68296        7100 
       68298        7100 
       68301        7100 
       68304        7100 
       68333        7100 
       68350        7100 
       68357        7100 
       68433          20 
       68434          20 
       68685        2112 
       68714          20 
       68715          20