       30149          24 
       30152          20 
       32358          24 
       32359          28 
       32360          48 
       32365           8 
       32366          12 
       32367           8 
       32368          20 
       32370          24 
       32371          20 
       32372          24 
       32373          16 
       33611          40 
       35841          22 
       38943          24 
       38944          18 
       38945          22 
       38947          22 
       39068          12 
       39069          28 
       39071          40 
       39072          56 
       39073          12 
       39076          28 
       39077          96 
       39078          24 
       39079          56 
       39080          44 
       39082          28 
       39083          72 
       39084          60 
       39085          56 
       39086          64 
       39087          20 
       39088          12 
       39089          12 
       39090          36 
       39091          12 
       39092          72 
       39094          36 
       39096          32 
       39098          12 
       39099          44 
       39102          56 
       39103          28 
       39107          28 
       39110          40 
       39111          56 
       39112          36 
       39114          16 
       39115          20 
       39116          16 
       39117          56 
       39119          18 
       39120           6 
       39121           4 
       39122           2 
       39124           6 
       39126          32 
       39127          40 
       39128          20 
       39129          24 
       39131          20 
       39132          28 
       39598           2 
       39603          10 
       39604          28 
       39606         507 
       39977          48 
       39978          56 
       39980           8 
       39982          24 
       39984          28 
       39986          64 
       39987          12 
       39988          28 
       39989          28 
       40019          12 
       40178          40 
       40855          12 
       41657      152490 
       41877          28 
       41881          28 
       41882          20 
       41884          24 
       41897          20 
       41898          12 
       41901          24 
       42356           2 
       42379          24 
       42380          64 
       42381          48 
       42383          12 
       42384          20 
       42387         120 
       42674           2 
       42777          56 
       42795          14 
       44866           4 
       44867          28 
       44872      778206 
       44900           8 
       45976           6 
       45977          18 
       45978           2 
       46153          16 
       46154          28 
       46155          12 
       46157          40 
       46158          32 
       46159          40 
       46160          36 
       46161          12 
       46162          28 
       46164          76 
       46165           8 
       46170          36 
       46208           2 
       52573      484653 
       52593         270 
       53176          20 
       53178          12 
       53179           8 
       53180          40 
       53181          44 
       53182          48 
       53278          72 
       53305           2 
       53308          28 
       53310           4 
       53916          14 
       53918           8 
       53920           2 
       53921           6 
       53922           4 
       53923           2 
       53925          18 
       53926           2 
       53930      249561 
       53931      249561 
       53937           2 
       53939           2 
       53942        4914 
       54498         780 
       54499          12 
       54500          20 
       54503          24 
       54505          36 
       54506          24 
       54507          24 
       54508          24 
       54510      780312 
       54512          68 
       54519           2 
       54540          28 
       54568           8 
       54574          12 
       55078          12 
       55080          16 
       55103          12 
       55131          18 
       55132          24 
       55133          24 
       55134          48 
       55164          24 
       55167           4 
       55978          28 
       55979          28 
       55980          16 
       55985          20 
       55997          32 
       55999          12 
       56000           4 
       56002          40 
       56004          24 
       56008           8 
       56012           8 
       56141           6 
       56142           6 
       56143          12 
       56173          14 
       56174           6 
       56186          24 
       56192          32 
       56245          27 
       56342          28 
       56584           2 
       56635          12 
       56668          30 
       56669       76245 
       56692          68 
       56733          18 
       56766          18 
       56802           2 
       56814           8 
       56866          56 
       56881           6 
       56882          36 
       56883          48 
       56884          12 
       58241          72 
       59237           6 
       59242         120 
       59243          42 
       59324          60 
       59326          12 
       59328          42 
       59329          66 
       59331           2 
       59333           6 
       59334          14 
       59358          28 
       59360          12 
       59363           6 
       59514          32 
       59522           6 
       59585          36 
       59586          28 
       59659          42 
       59661          24 
       59715          28 
       59723      728520 
       59726      449592 
       59844      354900 
       59911          28 
       59936           1 
       60039          28 
       60040           4 
       60055           8 
       60076          12 
       60080          40 
       60081          32 
       60082          28 
       60150       39933 
       60337          76 
       60380           8 
       60382          32 
       60426          16 
       60427        1674 
       60504          18 
       60506         114 
       60554          12 
       60955          22 
       61162          28 
       62182           8 
       62338          16 
       62339          20 
       62340        2660 
       62341          56 
       62342          40 
       62343          24 
       62344          84 
       62346          20 
       62347          28 
       62348          28 
       62350          28 
       62351          12 
       62354          20 
       62355          40 
       62356          36 
       62358          40 
       62359          28 
       62360          28 
       62641          32 
       62642          44 
       62713          20 
       62947          40 
       63136          14 
       63940           8 
       63941           6 
       63942           8 
       63944           8 
       63945           4 
       63946           4 
       63947          24 
       63948          22 
       63949          20 
       63950          22 
       63951          20 
       63963          12 
       63964           8 
       63976          12 
       63980           8 
       63981          10 
       63982           8 
       63994          12 
       64012          10 
       64013          18 
       64051          10 
       64065          16 
       64134           4 
       64136          28 